----------------------------------------------------------------------------------------------------
                                      Broome Community College
                                    Module 8 Lab - Binary Tree 
                                   Program Written by: Oscar Lan
----------------------------------------------------------------------------------------------------
4 15 13 7 22 31 28 26 31 37 44 46 37 48 56 66 50 73 73 68 84 97 95 98 99 97 91 74 49 32 
Max:99
Min:4
Node Count: 30

After Deletion:
13 7 22 31 28 26 37 46 44 32 56 66 50 73 73 68 84 97 95 98 97 91 74 49 
Min: 4
Max: 98
Node Count: 24