----------------------------------------------------------------------------------------------------
                                      Broome Community College
                                    Module 8 Lab - Binary Tree 
                                   Program Written by: Oscar Lan
----------------------------------------------------------------------------------------------------
32 31 26 22 7 4 13 15 28 31 49 48 37 37 46 44 74 68 50 66 56 73 73 91 84 97 95 97 99 98 
Max:99
Min:4
Node Count: 30

After Deletion:
49 32 26 22 7 13 28 31 44 37 46 74 68 50 66 56 73 73 91 84 97 95 97 98 
Min: 4
Max: 98
Node Count: 24